3503998526
7248477551
3106677999
3413280153
2453324232
8796846436
5758812222
4438900598
9575350372
1853637449
8251679737
9095618166
3070992747
4309309557
8469983230
5230848495
6721011097
7850660117
3917295699
3378518202
3602381720
5091539007
1509201523
4089894766
9759165248
7430707226
3212719148
5989530892
6758245397
1421115714
9837393502
2678698622
3592082380
1337361752
6162705054
3462349382
4948459934
2130269456
9330048960
5341627248
9012430709
5334353759
9708241909
4505493606
1355750725
3828171855
4176524729
1528581547
9221823143
7733684640
